x values:
0.10068551887030186
0.20135889547743285
0.30201308689904816
0.4026295273837266
0.5032009595789394
0.6037187963585035
0.7041611821248726
0.8045354656579573
0.9048198039925404
1.0049924022433598
1.1050579538568204
1.2050158114331415
1.3048178377909139
1.4044740193769898
1.5039732172165403
1.6033252915555731
1.702477137347523
1.8014386903781205
1.9002197467807667
1.9987675067258155
2.0970918563355285
2.1952128739094197
2.2930573791693614
2.390645580123625
2.4879665689439476
2.585009467669449
2.681763429422504
2.778217639621142
2.8744019027092977
2.9702241631607618
3.0657144296338963
3.160862028795069
3.2556563256119575
3.3500867245422765
3.4441823599910273
3.537853175404704
3.6311285506475626
3.7239980599533284
3.816451322921007
3.9084780056751414
4.00006782202087
4.091248976734882
4.181953325926107
4.272132973412457
4.361911196675785
4.451126190139083
4.539918928033998
4.628203791596727
4.7158969356458025
4.80313692964274
4.889766542612656
4.9759226634646065
5.0614500146675745
5.146483743377355
5.230941742203912
5.314743914302515
5.398022680764768
5.480627949860517
5.562690251379526
5.644061686003175
5.72487083386165
5.805039548488236
5.884491919916459
5.963353495843854
6.041482145558397
6.119001325061547
6.195771323016718
6.271913448534126
6.347353943933311
6.422021501743842
6.496034108877818
6.569258373827053
6.641810002865668
6.713618621979835
6.784616451870987
6.854915680682944
6.924389609458347
6.993148018328858
7.061066985327467
7.1282538334927725
7.194643253947864
7.2601727225671215
7.324945786592219
7.388845706767041
7.451999960842138
7.514241410438034
7.575643672969152
7.6363016342265
7.696003596315713
7.754846072221858
7.812822490443976
7.870022255630127
7.926245739081999
7.981584023012965
8.036122295153467
8.089670215486546
8.142314685127486
8.19404982476585
8.24495506780988
8.294852753610561
8.343824074026523
8.391944052312791
8.439044748468268
8.485202975942588
8.530413579805888
8.574745587317468
8.618044278594747
8.660380510604716
8.701818731364078
8.742214320382807
8.781633582880406
8.820072116531561
8.857588164512638
8.894050794820682
8.929520141579156
8.96404972470445
8.997519035035205
9.029983506530357
9.06143951357249
9.091934196365429
9.121361127657043
9.14976938948445
9.17720128063463
9.20356106307956
9.22889299600886
9.253234494232688
9.276500605276334
9.29873072094944
9.319922358602788
9.340106364302128
9.359212295331982
9.377272993787347
9.394314341631159
9.410276864107246
9.425188451141018
9.439047437413215
9.451873047381783
9.463620519327598
9.474311098435935
9.483958992115104
9.492530528960156
9.500041944310997
9.506492399296173
9.511889391509209
9.516214085304071
9.519476012635913
9.521677628570863
9.522811249410887
9.522881367019604
9.521887973566312
9.519826798729728
9.516705036064732
9.512520452107559
9.507263736140313
9.500953234241212
9.493581670204
9.485149867281601
9.47564181061854
9.465090683584876
9.453482499526455
9.440796232918858
9.42707615916918
9.412303273839552
9.39647922675909
9.379576346221732
9.36165362372907
9.342685396015478
9.322639037867718
9.301584511607667
9.279510318457213
9.256341530007397
9.232135496328766
9.206981940561263
9.180713150373283
9.153415589706007
9.125189727438109
9.095847366512425
9.065590030153267
9.034215976369326
9.001829568256499
8.96854895037056
8.934152222870612
8.898754353965428
8.862483940679038
8.82509914859102
8.786725435344895
8.747501721041822
8.707166480009619
8.665855533094197
8.623717983695919
8.580472878031431
8.536266263489505
8.49125727674558
8.445145818593815
8.398248582355095
8.350252878845113
8.301321464403342
8.251629833461354
8.200846665097226
8.149144527932298
8.096708500764738
8.043188964301848
7.988768125812596
7.933640462240087
7.8774384076990405
7.820353624773657
7.76258979287413
7.703761769358214
7.64427358486981
7.5837285995773325
7.522333798374214
7.460307734933259
7.3972368480142245
7.333337043039157
7.268835509721205
7.203302181526443
7.136961667166901
7.070049563803447
7.002119732330687
6.933405258754955
6.864149910632859
6.793891925181563
6.72311383398048
6.651343721296844
6.578828273696842
6.505824324197325
6.431845116066957
6.357145169550103
6.281988816502411
6.205874948956445
6.12906566474283
6.051832528591905
5.973660585502451
5.894819247175064
5.815587037973123
5.735435673996488
5.654641609740403
5.573490048957033
5.491439910393374
5.4090547140919965
5.325785153486109
5.241918797135139
5.157751337944292
5.072721586038212
4.987123396132609
4.901258361247128
4.814553972853078
4.727310076153181
4.639833860826156
4.551542075733759
4.46274025486897
4.373740875483002
4.283950530680786
4.193985900212181
4.103247141332202
4.012048581622035
3.920710808058926
3.8286248224117987
3.736109809506214
3.6434907946346344
3.5501502368386992
3.456411857032546
3.3626047917915267
3.2681035787842796
3.1732361492936216
3.0783354200087953
2.9827686365500115
2.8871921512260617
2.790968704026941
2.694432507026764
2.5979220298493124
2.5007937850568216
2.4033853068250837
2.3060379442253196
2.208102629852989
2.109919880367107
2.011833580829425
1.9131897369440354
1.8143315052338196
1.715604960742502
1.6163518403155295
1.5172538140101062
1.4176501418019374
1.3178876108436948
1.2183151708762163
1.1182689187032828
1.0180973557802333
0.9181506894523568
0.8177625213543204
0.7172827165906718
0.6170623877412692
0.5164333117850541
0.41574636545025434
0.31535321327059085
0.21458447991858973
0.11379170070276089
0.01332673827461887
-0.08748026149099257
-0.18793695649942557
-0.2887131457524872
-0.38945698244682386
-0.489817060203425
-0.5904625338247358
-0.6910418415160171
-0.791204322217662
-0.8916178132459082
-0.9919313915473261
-1.0917954942081112
-1.1918759690970686
-1.2918228849920892
-1.3912881288466417
-1.490934889122607
-1.5900787922457813
-1.6893808841259632
-1.7884936677080414
-1.8870722230432029
-1.9857738265624263
-2.084252908643733
-2.182166928911113
-2.2801687329816005
-2.37791502636987
-2.4750659929282843
-2.5722693905829828
-2.6691845453996272
-2.7654747073734716
-2.8617818949819176
-2.9574446708232602
-3.053100870252956
-3.1484149459288457
-3.243056007934193
-3.3376550793068924
-3.43188014040834
-3.525404263105348
-3.6188510231986344
-3.711892262823014
-3.8042053445757698
-3.896405769594048
-3.988169571970331
-4.079332599910801
-4.170193139326403
-4.259977201648415
-4.349896266256807
-4.439327891077743
-4.5282620546004715
-4.6166887910586585
-4.70459819154713
-4.79139177563722
-4.878240671419141
-4.964542922304152
-5.050288857452248
-5.135468868362939
-5.220073409951958
-5.303527285534506
-5.386956559657364
-5.4697821833022
-5.55199487521219
-5.6335854228143
-5.713999799804324
-5.794323057994992
-5.873997017115759
-5.953012749078385
-6.0313613995541155
-6.109034188965874
-6.18550453913612
-6.261804284112167
-6.337402345102549
-6.412290250755184
-6.4864596092964355
-6.55990210947147
-6.63212074001553
-6.704089965432573
-6.775307945305396
-6.845766699104155
-6.915458331376208
-6.9839119968314325
-7.052051358334236
-7.119400482506115
-7.185951822352669
-7.251697920277446
-7.316631408917637
-7.380314579186662
-7.443606724433886
-7.5060647555189375
-7.567681673532523
-7.628450573818629
-7.687962705370713
-7.747021080642978
-7.805211341809105
-7.862526968196693
-7.918961537142986
-7.97450872471458
-8.028796037709688
-8.082555988765707
-8.135410226413375
-8.187352827923329
-8.238377972722132
-8.288479943044534
-8.337324002289805
-8.385569215876453
-8.432874761060432
-8.479235336886621
-8.52464574829108
-8.568803750558539
-8.612305178938863
-8.654841531384276
-8.696408041364878
-8.737000051029185
-8.776613011726067
-8.814984784420332
-8.852633129282212
-8.889289467588801
-8.924949691711623
-8.95960980564457
-8.99326592545167
-9.025697072543421
-9.057340848705197
-9.087969679215863
-9.117580131876185
-9.146168888604105
-9.173549949582153
-9.200092774488567
-9.225604657277726
-9.250082739144277
-9.273524277128322
-9.295926644422783
-9.31714650252319
-9.337470176417185
-9.356747513985072
-9.374976355050897
-9.392154656930911
-9.408175071992037
-9.423253767803477
-9.437276514568646
-9.450241740929453
-9.462147994031207
-9.47299393968543
-9.482715816059992
-9.491444802926198
-9.499110199409046
-9.505711146541103
-9.511246904634781
-9.51571685336523
-9.519101073258964
-9.521445228462962
-9.522722431502045
-9.522932539255653
-9.522075528179574
-9.520168074573785
-9.517184440677571
-9.51313433207093
-9.508018202600102
-9.50183662556728
-9.494590293666363
-9.486339737516234
-9.476973630246732
-9.466545554201582
-9.455056677928003
-9.442508288844147
-9.428901793094832
-9.414341332061559
-9.398630437709262
-9.381866353546789
-9.364050958120458
-9.345186247784214
-9.325412385445144
-9.304462557307275
-9.28247009160434
-9.25943745276357
-9.235367221771707
-9.210262095885778
-9.184304947822714
-9.15714553112643
-9.128959984886315
-9.099751467512554
-9.069523252047222
-9.038493240002486
-9.00624273546751
-8.972983011223361
-8.938717794281427
-8.903450924326387
-8.867186353285959
-8.83018321449479
-8.791942215110918
-8.75271601006182
-8.71250899494957
-8.671325675283654
-8.6291706659761
-8.586343289512435
-8.54226566511803
-8.497230813262249
-8.451243780451323
-8.404309719890781
-8.35676052448959
-8.307954600759185
-8.2582177059488
-8.207555413465236
-8.15597340041332
-8.103477446959735
-8.050437307349045
-7.9961372973741955
-7.94094125787907
-7.884855374010189
-7.827885930628074
-7.770039311602975
-7.711721644739459
-7.652146034801709
-7.5917129422463345
-7.530429139072478
-7.468301492608037
-7.405765193259805
-7.341976422701888
-7.277364926449396
-7.211937944724178
-7.145702809129591
-7.078666941828932
-7.011298804150172
-6.942689380533598
-6.873301974448275
-6.803144361293982
-6.7322244027782085
-6.6610368457922045
-6.588621138371972
-6.515467124589762
-6.441583001923111
-6.366977049663948
-6.291657627990834
-6.216149202567714
-6.139432918844593
-6.062028663801261
-5.983945111187925
-5.905191010875377
-5.825775187874506
-5.746249716335917
-5.665541538676118
-5.58419849291961
-5.502229694188801
-5.419644327726602
-5.337015777694062
-5.25322911587372
-5.1688537887779376
-5.083899251319891
-4.998375023317787
-4.912290688428102
-4.826243088799246
-4.739071162100667
-4.651368185533631
-4.563143986900375
-4.474408452410132
-4.38577613796459
-4.296051105013263
-4.2058446660445625
-4.115166929393203
-4.02402805620648
-3.9324382593056315
-3.841031085149234
-3.7485731532930515
-3.6556951645920015
-3.5624075267487734
-3.468720693370437
-3.374645162797034
-3.2808309228509427
-3.186012113931886
-3.0908362875180218
-2.9953141088026696
-2.8994562817906244
-2.803924497666209
-2.7074297215650467
-2.610631556857064
-2.513540850531233
-2.416168482358095
-2.318525363670598
-2.221284789767241
-2.123134668644905
-2.0247466337314624
-1.9261317101732358
-1.8273009485411906
-1.7282654235926302
-1.62970732561023
-1.5302967849005635
-1.4307147625062961
-1.3309724173693562
-1.2310809263970854
-1.1317277957495424
-1.0315724281536471
-0.9313014648252681
-0.8309261419075366
-0.7304577072378889
-0.62990741908766
-0.5299666273929963
-0.42928680541959036
-0.3285588785130128
-0.22779413402272602
-0.12700386342388964
-0.026880495126477562
0.07392696115674464
0.17472613334765114
0.27550572611318996
0.37625444631433647
0.4769610042715776
0.5769342309386084
0.6775230907031373
0.7780360287235338
0.8784617817415161
0.9787890962685619
1.079006729846949
1.1784275538424225
1.278393078931768
1.3782153501105514
1.477883181515095
1.5773854045879014
1.6760403692718937
1.7751792523077468
1.8741192126694763
1.9728491633632101
2.0713580409282963
2.1696348066770503
2.2670068987880208
2.3647881838732334
2.462304476007081
2.559544847728815
2.656498402496719
2.7531542759091527
2.8488517005590106
2.944881946340761
3.0405821951427803
3.1359417230061317
3.230949844152317
3.324957650277547

y values:
9.527925521031264
9.5317905999266
9.534590220170333
9.53632387592278
9.536991505474335
9.536593009577125
9.535128559408761
9.532598005528563
9.529001729307405
9.524340681795083
9.518614729422753
9.51182356957112
9.503970557712544
9.495055248592193
9.485078638710254
9.474039397823054
9.461943426556267
9.448789855570285
9.43457703937266
9.419312574908618
9.402995275748237
9.385621291319973
9.367203579428828
9.347738857274713
9.327229300508414
9.305677201566116
9.28308496941316
9.25945512927479
9.234779674743239
9.20908222207212
9.182355433002225
9.154602294894959
9.125825909830912
9.096029494263135
9.065203135299782
9.033376336069583
9.000539839798751
8.966697316755399
8.931852549655323
8.896009433239193
8.85917197383723
8.82132808528251
8.78250567711746
8.742726748499727
8.70193654407964
8.66020857926352
8.617476917065334
8.573781229869395
8.529164556596982
8.483556395631837
8.437038945691349
8.389538701622296
8.341141272207306
8.291770181619158
8.24147150238672
8.190294546333966
8.13815844552853
8.085157163869082
8.031206950691432
7.976405039434331
7.920664834145326
7.864038555244238
7.806581517468544
7.748202929333105
7.6890080054522745
7.628903208197595
7.567996863297146
7.506192728798297
7.443548887097658
7.380126352990213
7.315824908534247
7.250760442994932
7.184830143911259
7.1180960880052595
7.050623158852581
6.982304738227127
6.913263955113493
6.843391713820767
6.772813943754861
6.701419120534943
6.629274619002594
6.55645043200178
6.482831485446752
6.408550461358751
6.333458108593839
6.2577531598318
6.181349348041619
6.104124178858983
6.026347170173536
5.947897141775674
5.868782854928905
5.788877620537982
5.708460309991238
5.627405481192114
5.545583446853708
5.463279768047035
5.380365952639448
5.29685126040816
5.212602210479466
5.127912834273193
5.042650775092714
4.956679862784733
4.8703001381144695
4.7833765005387985
4.695918657650049
4.607787067622682
4.519289312044491
4.43028684429038
4.340637756891467
4.250654927541641
4.160197386981835
4.069275237469058
3.977743640237127
3.885922042989201
3.7936664677340364
3.700830046650587
3.6077367813118775
3.5142406055694924
3.420351961033835
3.325921505010765
3.231278802297546
3.13627523183661
3.040759769576797
2.9450657670159246
2.8490428608490066
2.752538497624485
2.655889480130788
2.558943854107305
2.4617124463974798
2.3640409035980294
2.2662701019850697
2.1682462043573563
2.069813688164632
1.9713160855003469
1.8725983271517843
1.7736714378733207
1.67437858001622
1.575066288289172
1.4755780938750653
1.3757563566328546
1.2759494570743166
1.1760000600604534
1.075919327894487
0.9755487973904925
0.8752387643632926
0.7748309850687685
0.6741665648771062
0.5735968252859376
0.4729630266620756
0.3722764077424028
0.27137774741211257
0.17061918467313578
0.06984156726117743
-0.031114383971818788
-0.13189633007715137
-0.23266354606030046
-0.3334047782843933
-0.4342791340350426
-0.5349345591339453
-0.6355302429844628
-0.7362249771770784
-0.8366673344174927
-0.9370162530303447
-1.0372605260940215
-1.1375582759300973
-1.237559460730211
-1.3374224354523394
-1.437304634723023
-1.5368574670164015
-1.636154660589692
-1.7355209698816425
-1.834692800519183
-1.933325052665565
-2.032075360777388
-2.130597959003429
-2.2285501813702115
-2.326585128208785
-2.4240294958735618
-2.5215329985542048
-2.6187539438050496
-2.7153544857129885
-2.8119787122259536
-2.9082878346026537
-3.0039473537016845
-3.0995950831640426
-3.1948954788335793
-3.2895177249052723
-3.3840927189610333
-3.4782884990460015
-3.5717782655501362
-3.6651853652028774
-3.7581817522624776
-3.8504449721314846
-3.942590193490955
-4.033984563307707
-4.125237457170583
-4.216028086016949
-4.3060419537258845
-4.395879231333625
-4.4852239164042
-4.5737667123002845
-4.662097981628405
-4.7499068265330076
-4.836889461066915
-4.923625845398838
-5.009810499071294
-5.095145452489086
-5.180199679841675
-5.264389029016007
-5.348274835839773
-5.431561326774223
-5.513960886933809
-5.596022918656921
-5.677457872386648
-5.7579847351524975
-5.838140423008642
-5.917641901717547
-5.996215042972
-6.074383736310443
-6.1518717475966875
-6.228412109007866
-6.3045151564421165
-6.379658214456341
-6.454342302372812
-6.528303130917685
-6.6012862567472785
-6.673778297750276
-6.745522489867722
-6.816272249714679
-6.886499304123485
-6.95595467259965
-7.024399879823026
-7.09229128692985
-7.159387947508051
-7.225459734250181
-7.290947183417201
-7.355617625113718
-7.419249511593335
-7.482267110985152
-7.544237618653939
-7.605574225419622
-7.6660585683019855
-7.725483886425115
-7.784246400456608
-7.842136628994679
-7.89895696530157
-7.955086261225212
-8.010324127717201
-8.064482311004904
-8.117921912925311
-8.170451838409866
-8.22189337606729
-8.272589514391997
-8.322192072496946
-8.371031777407378
-8.418933442948452
-8.465734652735083
-8.511747455691395
-8.556806450989612
-8.600759222249787
-8.643898826319099
-8.686069814139012
-8.727129922692283
-8.767352921882662
-8.806593470829808
-8.84471960302068
-8.881985525955155
-8.9181352974149
-8.953409947436162
-8.987681298074024
-9.020834829575971
-9.05309159442939
-9.084333889793767
-9.114457823082734
-9.143664246817329
-9.171846051691094
-9.198910076817938
-9.225036772659754
-9.250129731214862
-9.27410661703359
-9.297127296953951
-9.319033665032967
-9.339971782849428
-9.359863284015278
-9.37864405002483
-9.396439302380994
-9.413181610460777
-9.42881787766327
-9.443452359420764
-9.457028628722332
-9.469504664296323
-9.480963650605187
-9.49136022102552
-9.500663471895678
-9.508935433010148
-9.516141843779808
-9.522262949247514
-9.527339562126963
-9.531336816260023
-9.534281363497302
-9.53615752018067
-9.536964146948522
-9.536706622016858
-9.535380434762155
-9.5329956225571
-9.529536284571645
-9.52500908775536
-9.51943523611586
-9.512777565776076
-9.50505391455055
-9.496296631746885
-9.48644732783435
-9.475573647795114
-9.46360309093586
-9.450572063574127
-9.436531408506127
-9.421387509106827
-9.405187869790092
-9.387994367049709
-9.369692362523626
-9.350340410924286
-9.33001136018446
-9.308569665551342
-9.28608487311966
-9.262640728963405
-9.238080918320751
-9.212574117878672
-9.185950260032678
-9.158297044848423
-9.129716185318129
-9.100017117426297
-9.069298321674752
-9.037672160403115
-9.004927764925643
-8.971174297091698
-8.936534655532132
-8.900777879061753
-8.864023701041543
-8.826340837810948
-8.787605990841605
-8.748158093982088
-8.707464866642804
-8.665795899983754
-8.623155863337498
-8.57954953485255
-8.534981800957965
-8.489768449364883
-8.44329940472432
-8.395884222563375
-8.347528216122848
-8.298236804070234
-8.248015509892516
-8.197218627971967
-8.145160742952875
-8.092190129174673
-8.038312722407587
-7.983534560035059
-7.928240935888988
-7.871685758917528
-7.814248498190872
-7.755935590001853
-7.696753568766426
-7.636709066291442
-7.5762231556040796
-7.514479684798517
-7.451894157963062
-7.388473588293899
-7.3242250825602735
-7.259155840308119
-7.193721019493538
-7.127037691297109
-7.059555722966571
-6.99128267638255
-6.9222262020721566
-6.852868462763801
-6.782273596692705
-6.710918723992006
-6.638811840531456
-6.565961026449474
-6.492374445247708
-6.418564887903841
-6.343536423130579
-6.267797115648307
-6.191355452636875
-6.114219999980547
-6.036927495807574
-5.958435012535817
-5.879274840170274
-5.799455849225373
-5.718986984041299
-5.637877261781715
-5.556690178338872
-5.474330255573699
-5.391356891426729
-5.3077793837102565
-5.223607097935573
-5.138849466263487
-5.054094475018774
-4.9681985033673195
-4.881745806342595
-4.7947460716432655
-4.707209048267836
-4.619741323862972
-4.531162673990297
-4.442076272016066
-4.352492100766117
-4.262420198845217
-4.17187065951216
-4.0814701554600035
-3.989998889502413
-3.898080513064112
-3.8057253263157538
-3.7129436783759946
-3.619745966151791
-3.5267764258474
-3.4327805956114497
-3.338400095548568
-3.2436455017295556
-3.148527432145337
-3.053702779141454
-2.957892049355096
-2.8617498647055406
-2.7652869986740805
-2.668514260676857
-2.5714424948535815
-2.4747413587196605
-2.3771060390441456
-2.279204346105567
-2.1810472505518375
-2.082645751650725
-1.984678086399207
-1.8858223519641248
-1.786755296433054
-1.6874880210418712
-1.5880316494626496
-1.4883973265571648
-1.3892710836859916
-1.2893153850310064
-1.1892152085359124
-1.0889817712058454
-0.9886263049788553
-0.8881600554672817
-0.7882740880193583
-0.6876206156583996
-0.5868900900469192
-0.48609379882558446
-0.3852430370046124
-0.2850309411035105
-0.18410532361073192
-0.08315907568119857
0.01779649087105446
0.11875006318776792
0.21969032863415214
0.31992422140467386
0.42080422312162946
0.5216370704448883
0.6224114642678373
0.7231161120340339
0.8237397290026249
0.9235921087623995
1.0240205850827528
1.1243343119135112
1.2245220483195598
1.324572567483993
1.4238001668696936
1.5235437499242308
1.6231166080243815
1.7225075832551473
1.8217055380829237
1.920699356603547
2.0188112697929763
2.1173651268587927
2.2156817166556375
2.3137500220431697
2.4115590537032516
2.5084397366108218
2.6056993066674927
2.7026668878033995
2.7993316140451387
2.8956826533565585
2.9917092088525723
3.08675510595353
3.1821028233255864
3.277093961269323
3.3717178752872052
3.4659639620319993
3.559821660494965
3.6526503367834398
3.7457025520345013
3.8383350321139442
3.9305373968302333
4.022299314189613
4.112995069360433
4.203848443428093
4.2942307435054
4.3841318415510315
4.473541663446102
4.562450190123047
4.650251917516442
4.738131576852652
4.825480291608257
4.912288273678816
4.9985457955532056
5.084243191403652
5.168797604290207
5.253349948591752
5.337313614077611
5.420679191964504
5.503437340489528
5.585025866129719
5.666545663786677
5.747430480826879
5.827671253476016
5.907258990129972
5.98618477236241
6.063913276527667
6.141493313267597
6.218385147804061
6.294580163807568
6.370069823032574
6.4443428380629575
6.518401393739443
6.591729511723753
6.6643189750286185
6.7361616494387855
6.807249484422517
6.877101922165015
6.946661499523904
7.015442649307146
7.083437664050703
7.1506389243831014
7.217038899879233
7.28218969594019
7.346970408966548
7.4109278366832365
7.47405481216188
7.536344261532755
7.59737688542999
7.657976212700964
7.717717404037429
7.776593764973163
7.83459869795294
7.891725703071823
7.9475913422440385
8.002949424866886
8.057410714617463
8.11096910868369
8.163618605429978
8.21500682891986
8.265827173632504
8.315721267971794
8.364683520915497
8.412708445861469
8.459790661242483
8.505616365959428
8.550803897999046
8.59503324580173
8.638299453124255
8.6805976716508
8.721923161536228
8.762001959156418
8.801374858006733
8.839761494190649
8.877157566186328
8.913558883472373
8.948725521573332
8.983131992956343
9.016531834369045
9.048921303098835
9.080296769653234
9.110654718166622
9.13979695677065
9.168116709164961
9.195409102609412
9.221671078778552
9.246899694813223
9.271092123650316
9.294092703490772
9.31621178705737
9.337286916466114
9.357315730084458
9.376295983527697
9.394107934371696
9.410991923837448
9.42682133829214
9.441594403926473
9.455309465303278
9.467964985543011
9.479484767934863
9.490024251857147
9.499500304579895
9.507911864237524
9.515257988249202
9.52149900142542
9.526719115357606
9.530871686144733
9.533956248458876
9.535972456650779
9.536920084788596
9.536803430712055
9.53562092037779
9.533369869381817
9.53005052997195
9.52566327410605
9.520208593410334
9.513734741460613
9.506154364912165
9.497508749659266
9.487798864510504
9.477025797534207
9.465274283054303
9.452385754871983
9.438438013177137
9.423432620922952
9.407371259580612
9.390255728950864
9.3722142286569
9.353003320108122
9.332744334623397
9.31143954237998
9.28909133074593
9.26570220401258
9.241443311267147
9.215987321048098
9.18949860760394
9.161980139201514
9.133434999499736
9.104069602117047
